# GIMP colorrc
# 
# This file holds a list of recently used colors.

(color-history
    (color-rgba 0.81176471710205078 0.83921569585800171 0.90196079015731812 1)
    (color-rgba 0.20392199999999999 0.25490200000000002 0.29019600000000001 1)
    (color-rgba 0.196078 0.22352900000000001 0.26274500000000001 1)
    (color-rgba 0.44705899999999998 0.53333299999999995 0.611765 1)
    (color-rgba 0.20000000000000001 0.20000000000000001 0.20000000000000001 1)
    (color-rgba 0.78064999999999996 0.76459100000000002 0.84388200000000002 1)
    (color-rgba 0.192214 0.129584 0.43881900000000001 1)
    (color-rgba 0.831982 0.82252999999999998 0.86919800000000003 1)
    (color-rgba 0.021097000000000001 0.019397999999999999 0.019397999999999999 1)
    (color-rgba 0.66666700000000001 0.187919 0.60000600000000004 1)
    (color-rgba 0.83543800000000001 0.830148 0.86497900000000005 1)
    (color-rgba 0.084388000000000005 0.084388000000000005 0.084388000000000005 1)
    (color-rgba 0.63172200000000001 0.65231899999999998 0.71308000000000005 1)
    (color-rgba 1 1 1 1)
    (color-rgba 0.066667000000000004 0.066667000000000004 0.066667000000000004 1)
    (color-rgba 0.66666700000000001 0.66666700000000001 0.66666700000000001 1)
    (color-rgba 0 0 0 1)
    (color-rgba 0.83966200000000002 0.056353 0.056353 1)
    (color-rgba 0.90049999999999997 0.89924400000000004 0.92405099999999996 1)
    (color-rgba 0.070587999999999998 0.070587999999999998 0.070587999999999998 1)
    (color-rgba 0.0039220000000000001 0.0039220000000000001 0.0039220000000000001 1)
    (color-rgba 0.025316000000000002 0.002379 0.006966 1)
    (color-rgba 0.047058999999999997 0.039216000000000001 0.039216000000000001 1)
    (color-rgba 0.40000000000000002 0.086275000000000004 0.14902000000000001 1)
    (color-rgba 0.40084399999999998 0.086086999999999997 0.149039 1)
    (color-rgba 0.046413999999999997 0.039560999999999999 0.040931000000000002 1)
    (color-rgba 0.41545900000000002 0.31447900000000001 0.130435 1)
    (color-rgba 0.78924099999999997 0.54631799999999997 0.10095800000000001 1)
    (color-rgba 0.94117600000000001 0.70588200000000001 0.27450999999999998 1)
    (color-rgba 0.95570299999999997 0.93700499999999998 0.90272699999999995 1)
    (color-rgba 0.85236999999999996 0.70524699999999996 0.43552000000000002 1)
    (color-rgba 0.93027099999999996 0.92210300000000001 0.89335500000000001 1)
    (color-rgba 0.44705899999999998 0.44705899999999998 0.44705899999999998 1)
    (color-rgba 0.18823500000000001 0.18823500000000001 0.18823500000000001 1)
    (color-rgba 0.79081299999999999 0.82470299999999996 0.89429499999999995 1)
    (color-rgba 0.058533000000000002 0.062712000000000004 0.071292999999999995 1)
    (color-rgba 0.726105 0.76274600000000004 0.83798499999999998 1)
    (color-rgba 0.073627999999999999 0.073627999999999999 0.073627999999999999 1)
    (color-rgba 0.15393399999999999 0.12431300000000001 0.070007 1)
    (color-rgba 0.91787399999999997 0.90082399999999996 0.86956500000000003 1)
    (color-rgba 0.15283099999999999 0.17441100000000001 0.22247900000000001 1)
    (color-rgba 0.77139100000000005 0.57508199999999998 0.21518100000000001 1)
    (color-rgba 0.98734200000000005 0.98032600000000003 0.96746200000000004 1)
    (color-rgba 0.90476599999999996 0.911138 0.94936699999999996 1)
    (color-rgba 0.66244700000000001 0.14671699999999999 0.26422499999999999 1)
    (color-rgba 0.83187500000000003 0.85791700000000004 0.91139199999999998 1)
    (color-rgba 0.12867400000000001 0.21570600000000001 0.39441799999999999 1)
    (color-rgba 0.72941199999999995 0.73333300000000001 0.75686299999999995 1)
    (color-rgba 0.322459 0.40962900000000002 0.81434600000000001 1))

# end of colorrc
